76561198880957262
76561199830603993
76561199549086373
76561198859184395


76561198051496316
76561198049635812
76561197972029133
76561198102830296
76561198237596866
76561198153094237
76561198326195257
76561198119528593
76561198092022583
76561198088795597

76561198962788952
76561198853947008
76561198845422822
76561198131858486
76561198158749938
76561198217138088
76561198271352236
76561198193335986
76561198132623523
76561198170376067
76561198058696022
76561198209358256
76561198244515154
76561198259055702
76561198334113296